640020300050103000090500002100830000000750400000090730000060140709000020020010008641928357852173964397546812175834296963752481284691735538267149719485623426319578
309020008000080070080700004007000090260300005800006000010000046700009002504600809379124568642985371185763924457218693261397485893456217918532746736849152524671839
000000360030204070060007012305000100206070009000006037050320000024080500900000000742918365531264978869537412375892146216473859498156237157329684624781593983645721
430080002007004980160500700090000000000050000005367100010940038000000017082000000439781652257634981168592743694218375371459826825367194716945238943826517582173469
000005009520000100008000602943002006007380090000000004009013540080700300400200000316825479524967183798431652943572816167384295852196734279613548685749321431258967
908106030002000000100385000000000750035018004020004003500040090090000800007062000948126537352479618176385429481693752735218964629754183563847291294531876817962345
400030070000900600070008132030610000521004007080020000000056304000000080208000700462531879813972645975468132734619258521384967689725413197856324346297581258143796
023000017000593286900710000001200705005800040002030000007000500000980000000006003523648917174593286968712354891264735635879142742135698487321569356987421219456873
053000069470100000090508000730000000000700893000002075080200010507300008060070000853427169476193582291568437739685241625714893148932675384259716517346928962871354
004500623000090580007080010200000006000702000400605802168000070050000400000008060894571623316294587527386914235819746689742351471635892168453279952167438743928165
600302805800507000009108470020800000008001009000400000000000100510920006003000904671342895842597361359168472125839647468271539937456218296784153514923786783615924
000900008000730000024000003090002050032400680000067001570100030608040700200000800367921548851734269924658173796812354132495687485367921579186432618243795243579816
498000016200000070000021000300209000001400008580000097036040000000037500040900100498753216213694875657821943374289651961475328582316497136542789829137564745968132
820000040000000000705010809000008167400020000300601000600180502030060000001059300823975641194836725765214839952348167416527983378691254647183592539762418281459376
080400000003000000024000703001807060000010070270003100060200050140500008057000602786439521913752846524168793491827365638915274275643189369281457142576938857394612
600020800000000040003001257008950000000000060206000009800540010500007000702630490645729831127385946983461257378956124491273568256814379869542713534197682712638495
004030900501470003000065001000040089000006507010200630140007000000000000007390008864132975591478263372965841256743189439816527718259634145687392983524716627391458
030000509004003007600081000328004000106020030009000060010000096000702000803610000231476589584293617697581423328164975156927834479358261712845396965732148843619752
540910200002080000070000090023070006000000000400820035000748300000002007150093000548916273392587614671234598923475186785361429416829735269748351834152967157693842
002000006007050080060034502050000090004700600200003800020987040080040300005001000512879436437652981869134572358416297194728653276593814623987145781245369945361728
000000506070048030903000072006001705100000000050460000000890320040100000037004100412379586675248931983516472326981745194725863758463219561897324849132657237654198
706001500200900000809300764501800000000007080000003270002000640450009001000000003736481592245976318819325764571892436324657189968143275192538647453769821687214953
010007903237009000000000540000700085005406010000000200900004000006091700170000804514687923237549168869132547692713485785426319341958276928374651456891732173265894
700231000045006000000740003020900045604013090000000030000100000906000071002000806798231564345896712261745983123987645674513298859624137537168429986452371412379856
500070000003080020178000003005800300000900240200043000036204010000000475401000000524379168963581724178462953645827391387915246219643587736254819892136475451798632
005000000014900700736080000100000038000192060042500090060079000008000004007806000985627341214953786736481529159764238873192465642538197461379852398215674527846913
209000030600000720780040000000100000000060903035084007002018400800052000017000600259876134641395728783241596976123845428567913135984267362718459894652371517439682
500000700046000008080592600000004000030000106068100072870400500000030000620080040591846723246317958387592614712964835435278196968153472873421569154639287629785341
400813020000620008002050007097002000001000004020170093000700430000004060000038000479813625135627948682459317597342186361985274824176593258761439713594862946238751
073000020000017000080503004800490000200000809000030170061000080090048053048000000673984521425617398189523764817496235236751849954832176561379482792148653348265917
006090300000700000059038701014800003090000400200040005107500009060100002000000034726491358831752946459638721614875293395216487278349615147523869963184572582967134
000000000409002600030040000090020080020400305000081060600100450010007230850060001265913847489572613731648529396725184128496375547381962672139458914857236853264791
000080052000105004045000000000602038200300901090000000003000000409006520002430087136984752827165394945273816751692438264358971398741265683527149479816523512439687
206000483050000006007000200000090000900600020080405901000040500548073069002000000216759483459832716837164295124397658975681324683425971761948532548273169392516847
006009080070083000000060010103000906000030020769010000518000000040000390000620801236159784471283569985467213123748956854936127769512438518394672642871395397625841
004280700001000300700900000403008105900050000080702060000020600000001090576000208694283751251476389738915426423698175967154832185732964819527643342861597576349218
009010068620003000000009050410008020806200000070036480050000004108700000000100700539417268621853947784629153413578629896241375275936481957362814168794532342185796
070000601003009040060508090050097100080400060000201005040000000006013500207000080978342651523169847164578293452697138781435962639281475345826719896713524217954386
060020070082000306010030090190000000000046000005970010000004180704001560000003200463529871982417356517638492196385724278146935345972618639254187724891563851763249
500000007600000003710580009005810600007400500090200000046090005008000030000178020532961847689724153714583269325817694867439512491256378146392785278645931953178426
002003067000050409001096008010080054007600000003500090830900002900000080006400000592843167768152439341796528619387254457629813283514796835971642974265381126438975
050200008006000002200950010060043000020000104084070600003000740000007000040369050159236478436781592278954316561843927327695184984172635613528749895417263742369851
002609000000000290050070000623500070170000009400006300049085006000000043000301020712639485836154297954872631623598174175423869498716352349285716281967543567341928
090401305002900001030607040903005807001090000000080900800002030000003090000060400796421385452938671138657249943215867681794523275386914819542736564873192327169458
809000050030209000600108900070600200586000300000040000010062005308000000200500410829476153731259864645138972473685291586921347192347586914862735358714629267593418
540093001700800003930020000027000100000060030000501009003000607000038410000400050542693781716854923938127546827349165159762834364581279483215697675938412291476358
000903200207050900030600005600108000510006000000740060000030501100200304480000000845973216267451938931682745672198453514326879398745162726834591159267384483519627
000500002050006400006020001700030080014600037000205000000800000408002600501090804137548962952316478846927351795431286214689537683275149329864715478152693561793824
500006000004002037000100008090020046000003100070000305003000859609048200701000000527836914814952637936174528398521746465783192172469385243617859659348271781295463
510008020204031700700000008401652030003009000020000000000000000078900004005067100516798423284531796739246518491652837653879241827413659362184975178925364945367182
300070400000503000187000003000000038070008002900041005002000009041030607500600200356879421429513876187426593214765938675398142938241765762154389841932657593687214
010056000900030000005007800007004000043509700090012040000803009000005302050020007718256934964138275235497816527384691143569728896712543672843159481975362359621487
107000002000810630056000000000250480000037000060040000205070190600900300003500004187463952492815637356792841731259486824637519569148723245376198618924375973581264
000018005080006000009700008000000730020000500140300000617030084208040000000800273372418695481596327569723418896154732723689541145372869617235984238947156954861273
060000102000427050090506000070280040000040706000003890080000205007600000501000300465938172813427659792516438176289543938145726254763891689374215327651984541892367
000000007710000090306050102400000080090703001030100906000470809000005300170000060549821637712634598386957142421569783695783421837142956253476819968215374174398265
530000000600920070000030625000607100700800040298004000006070004000060508050008000532786491614925873879431625345697182761852349298314756986573214427169538153248967
800000001001493000040000000090030600000684019700000003200005360035016007000020040873562491521493876946178532198237654352684719764951283219745368435816927687329145
000300682000000070000601000020040008301060040040092100079000000160000523200000069917354682653829471482671395726143958391568247845792136579236814164987523238415769
000480190000000300045293000000070935000500000068340001900002060020006000070030008736485192289167354145293687412678935397521846568349271954812763823756419671934528
709043008400820090080000015040900000600000109008000052007000080001706000090500007759143268416825793382679415143952876625387149978461352567234981831796524294518637
000009060500638004029500083900403001000000000046800000008300400030000028090002005384219567571638294629574183952463871813725946746891352268357419135946728497182635
000008006000000380810000072230800000000300051904070600000703009700901400020050800573298146492617385816534972231865794687349251954172638148723569765981423329456817
090000030187300000000009674000506000200043760701008000000700500024030800600000090496257138187364925532819674349576281258143769761928453813792546924635817675481392
000400710901000000780900006002046057070032001000000400140600003520007800000080000253468719961723548784951326832146957479532681615879432148695273526317894397284165
000100080100050009490002000005761000000040702000803450730080020009500300050000008563194287172358649498672531245761893386945712917823456731486925829517364654239178
600092000580000906010080203050060000000003694000000580000950000900026007070008300634792815582431976719685243451869732827513694396274581163957428948326157275148369
003200000907006030086053009000902008090000002300007010060340800000090050510000090453279186927186534186453279675912348891534762342867915769345821238691457514728693
037501020400029086002000000090005000000000031070000602040108200086200090000050010837561429415729386962483175291635748654872931378914652543198267186247593729356814
026090085403000200090008000100000507000015004240600000000050030007039400000002056726394185483561279591728643168943527379215864245687391912456738657839412834172956
100000050008900001000306908037080200820070004506004000000090800702000006080100300149728653368945721275316948437581269821679534596234187653497812712853496984162375
045060090007901000096570801070000350502180600000300000900000000000000082000730006145863297827941563396572841471296358532184679689357124914628735763415982258739416
200037000006000010070800390000089006000000000000060200510290060048013920700004003289137654436925718175846392321489576964572831857361249513298467648713925792654183
050800009630420010098000076000000060000004502006008000400301050070602080000090001154876329637429815298135476945213768813764592726958134469381257571642983382597641
070040056908560100000000070103078020090020000600005000000200000030009510260000403371842956928567134456193278143978625597326841682415397815234769734689512269751483
340260000001700000570000840104000300200040000030070100050038090010000030800507001348265917961784253572913846184652379297341685635879124456138792719426538823597461
100004000050000370000902000003097081080020000007183006005000030000008957060500040178354269259816374436972815523697481681425793947183526895741632314268957762539148
762008050018760390000005800800400205300070000600009010000000000030000900096200004762938451518764392943125867879416235351872649624359718485697123237541986196283574
308000600004060093600010704970083000030501000080000020000000205050706009200000030318947652724865193695312784976283541432571968581694327169438275853726419247159836
058903000491000000000600000806000509070002300010080004160830000003060120780000000658913742491278635237654891826347519574192386319586274162839457943765128785421963
000000008000020000309061000803650010050004000010002570000003280500810007748000003125437698467928351389561724873659412256174839914382576691743285532816947748295163
080900074000000630700020895640000300003000006100700450006100500000045007001800000382956174915487632764321895647598321593214786128763459276139548839645217451872963
452090000900000200000004010000930408083060005190200000000009743000710000360002000452196837918375264736824519675931428283467195194258376521689743849713652367542981
010068000900500040080000000108000360005000900600905070004809150000012400000003702417368529936521847582794613198247365275136984643985271324879156759612438861453792
003000050000802030260000009309700000000090086040280000007543000054100700806000400473619852591872634268435179389756241712394586645281397127543968954168723836927415
057000002000051000060730805006000000800306001010200086000008040300600500092400010957864132283951764164732895436187259825396471719245386671528943348619527592473618
000020690705600000300094000000910000080002007010850400800005000600349201000000750148723695795681324362594178574916832986432517213857469831275946657349281429168753
080006010000152030120700006008000000200008941500000600070000008003900070000804590385496712746152839129783456498617325267538941531249687974325168853961274612874593
650700001097801000080060900000075010000000000042610007000093040005200086020500000654739821297851463183462975368975214719324658542618397876193542935247186421586739
085049000000030400003100020030010005100020040408503070000304000560290800009000000285749361716832459943156728632417985157928643498563172821374596564291837379685214
080601074900000150000407000070040080020000600030100420005003000003704010800920000382651974947382156156497832579246381421538697638179425765813249293764518814925763
000006009080051360000370010900700120000005070015040800000004500301008000600090003123486759487951362569372418948763125236815974715249836872634591391528647654197283
700034090000100824009000300000508039600900102075000000083000000400206500000080010721834695356179824849652371214568739638947152975321468183795246497216583562483917
008902001001000023020700006000015680090078000600009507300000460076080000002000000538962741761854923924731856247315689195678234683249517359127468476583192812496375
050000006003000070010986000075400020000000001000030800000060700932007604740003580859372146263541978417986235675418329398725461124639857581264793932857614746193582
401006000009800075008720400000000007020000910010005002006080000000957006300400098471536829269814375538729461683192547725648913914375682196283754842957136357461298
007601408900005007000020000009000010106702030000000045090100000705003200084050300537691428942385167861427953479538612156742839328916745293174586715863294684259371
036000500005090203700005000170000060608010000000047020004000000007800301003709680236478519485196273791235846172983465648512937359647128864351792927864351513729684
360400000100020050000700608040105000002004197010000000000000063780060042605040000369458271178326954254719638847195326532684197916237485491572863783961542625843719
000000010200050609539000000400010000080067100010000004000078005850041390007000840648739512271854639539126478423915786985467123716283954194378265852641397367592841
000050020400060010980002030050023968000048000318700400800000500042070000000005000631859724425367819987412635754123968269548173318796452876234591542971386193685247
003000800097600040100004300070090030006000050008705609709200000005009204600000001453971826897623145162584397571896432936412758248735619719248563385169274624357981
010004900093500008400000700800020510100048002900605000080003000070051090300000005615784923793562148428139756864327519157948632932615487589473261276851394341296875
050004000006080042900000070039100008600000200107042900060028000500000100072900080853274691716389542924561873239157468645893217187642935361428759598736124472915386
480000053030001200600300100000090040000000096500672000053009800008030900970050000481927653739561284625384179867193542312845796594672318253419867148736925976258431
080300004000205000000001005037008402004079030000030008012706000790050000350000060185367924649285317273941685537618492824579136961432578412796853796853241358124769
500200009000005000010030007046000710000040090070900043053060972001090000702000008567281439329475681814639527946823715138547296275916843453168972681792354792354168
400003050090405030000702000000000309300020080009000607754000090001054070008300200417863952692415738583792461825647319376129584149538627754286193231954876968371245
084061520015020006000000090008009040070000060003000952000008000000600005302700089784961523915423876236587194628359741579142368143876952451298637897634215362715489
754008021001000000068000573000000037000209600302000004800000000000750080403081000754368921231597846968142573596814237147239658382675194875426319619753482423981765
070800060010500700003240090007008300030020000005010820000102070804000050000406003579831462412569738683247591247698315138725649965314827356182974824973156791456283
030000602200000410000470503142000000006230050700080000007900060000005030089603000934851672275369418618472593142597386896234751753186924327948165461725839589613247
800070030001000400700090508000050700003004050900062000640300085070605001005800000824576139591238467736491528482953716163784952957162843649317285278645391315829674
700095600040031700010000000480000006002086104000000500000603908601000000030102005723895641846231759519764832485317296392586174167429583274653918651948327938172465
060000000000590002009043005007050008005030267000009504008000901000802700074000800562187439483596172719243685247651398195438267836729514628374951951862743374915826
809076150000005080000000026296000010070000009485310000600080400700002090001000000829476153367125984514893726296754318173268549485319267632981475748532691951647832
007800060000905000010340000400000000700600004306014850100003940030008100070000208957821463843965721612347589481532697725689314396714852168273945239458176574196238
000680010007000009004000320075800004009025008013000002006200080000760003090100200952683417137542869684917325275891634469325178813476592346259781521768943798134256
002054390000000006000300400050970008001600000008000000300408520820096000400205080762854391543129876189367452654973218931682745278541963396418527825796134417235689
109340850050070000000150300000005004040001020901080700003008007500020400000030010179346852352879641684152379736295184845761923921483765463518297518927436297634518
007000000000856000000001000053670000460080527000090160300018004080000031006005002637429815241856379895731246153672498469183527728594163372918654584267931916345782
300600004096000305240090070000000940980000000000270510060000002007013009400900080315627894796841325248395176572186943981534267634279518169758432827413659453962781
034000900000400600000357008800203007000105090000900406001730560400010000570000000234681975758429631196357248849263157627145893315978426981734562463512789572896314
090000840000003001000090007019720080008059000405360070340001900000000060007080400293517846876243591154896237619724385738159624425368179342671958981435762567982413
000100804007090000200070069890007000005030000071080000180000030460200080050060140936125874547896321218473569894617253625934718371582496182749635463251987759368142
900000674070050030600049000020000450010003800500080100200904000005200006300600700958321674472856931631749285826197453714563829593482167267934518145278396389615742
000482003007300000000000069002760900301540000064000001010000300003807010005003002659482173127396548438175269582761934391548726764239851216954387943827615875613492
400200080005009043003180005200000709001007060006005400030010090014000600002000300479253186185769243623184975258641739341927568796835421537416892814392657962578314
021090400000620070304010000002100560000500910500003000130050000000200008040078030721395486895624371364817259472189563683542917519763824138456792957231648246978135
000080004006002009050000201802531000009076500570000008010200906030060000000900030291385764786142359354697281862531497149876523573429618418253976935768142627914835
000000009600052000300000080270500100001078000854139007000600900000915700005000006518763429649852371327491685273546198961278543854139267132687954486915732795324816
920083000060500070005160000000605080000270430500040020000008900310000002008007100924783516861592374735164298249635781186279435573841629452318967317956842698427153
038000040000030970970000000750042060006098050010500020503600007000001000090020030138976542462835971975214683759142368326798154814563729543689217287351496691427835
000308010020600908049200050900010040100030500004500000010000790000040062506007000675398214321654978849271653953712846187436529264589137412863795798145362536927481
040002300902805000000000750500004000860057000070300690080120074000000908100700000745612389932875146618493752591264837863957421274381695386129574427536918159748263
000009002056700080040060700090080050003000408001000003130902000900804020800005300718349562356721984249568731492183657573296418681457293135972846967834125824615379
000798004800003060004000097072009600040500009008000500001940200020050003060200000156798324897423165234165897572389641643512789918674532381947256729856413465231978
007009005000004060680512000090300010004000800031800920009070006800000302006000080147689235952734168683512479798325614264197853531846927319278546875461392426953781
100006070400002100032750040005208000001360900000904000700009801000000000800043002158496273476832195932751648695278314241365987387914526764529831523187469819643752
000140007100030000000096003010624708800000400347000010024370050000000000001000069236145987198237546475896123519624738862713495347958612624379851983561274751482369
050960370000301900002000041030000000907100000000009782604000050080496000020000060451962378876341925392587641238754196967128534145639782614273859583496217729815463
300201050000085007000390000500000090000760235090000700070804010806050000000600083364271859129485367758396124537142698481769235692538741973824516816953472245617983
590040376100005900006308000005000230000001500070400680050027000910600000080000000598142376134765928726398415845976231369281547271453689653827194917634852482519763
607000040802003900400500803100090000003600020000002304040700000500008000000104537637981245852473916419526873124397658983645721765812394346759182571238469298164537
009200003060000071000060502312000850005402000000500300000003090000109047000027005859271463264385971173964582312796854985432716746518329527643198638159247491827635
000004506004200009000007080020645090800000400601000030490002000586730000100000008978314526364258179215967384723645891859123467641879235497582613586731942132496758
017602000003070001006000407001000000000043510000280640870010000350900020009000300417632895583479261926158437241596783698743512735281649872314956354967128169825374
000490000307200500000308100006800900000003000800160027000084000010620093902000700128495376347216589659378142476852931291743658835169427763984215514627893982531764
012000409508400000040789000001350600050002801900000000000064500020000000000810906712536489598421763643789152281357694354692871967148235839264517126975348475813926
800030004630007000047000003320060005700050098400200607002800000500010300000400700851632974639547821247198563328769145716354298495281637162873459574916382983425716
090070810070400005010050072230700069000000704007609000400100900900000030026000000594372816672481395318956472235748169169235784847619253453167928981524637726893541
036700000100502700000000481900006510020000030000800009007000008500408190000057040836714925149582763275369481983276514724195836651843279497621358562438197318957642
000001000701060034200043000300090000002300910900508020120000090060809370000000200643981752791265834258743169315492687482376915976518423127634598564829371839157246
000700200800500410030008507009000005450000000007020090013080700000950020600300980596714238872536419134298567269173845451869372387425196913682754748951623625347981
003050009000000421000060370038007000140020800900100007306908010000640700800000000713254689685739421429861375538497162147526893962183547356978214291645738874312956
001500000000800062007000059300716004000309080410080000040003000058000203290000010961572438534891762827634159385716924672349581419285376746123895158967243293458617
700405000000600004800003205100000080080200003035000792570000001608000007003068000791425638352687914864193275127539486986274153435816792579342861648951327213768549
530206000008010600000007400000003007006002310080000000900300050302005079015700003539246781478519632621837495154683927796452318283971546967328154342165879815794263
000004000800000250020008034006050000500013007091620000618000040005000006000306590753294618864731259129568734476859123582413967391627485618975342935142876247386591
007008500025009000000100000750000604010504000409080130030000450001090003000820007697348521125679348384152796752931684813564279469287135938716452271495863546823917
080000010039004000407020093000039005800002040320400000000000709000673000050080036586397214239514678417826593674139825895762341321458967163245789948673152752981436
502000000070000140091080000054060000700093000003001708400600080000304092000700061542176839876932145391485276154867923728593614963241758415629387687314592239758461
000023017035084000082060000309000102000070300508000700000096030240000001000700060694523817735184629182967543379645182421879356568231794817496235246358971953712468
000000070165003000300210600406000100020050000039680024003900080080000007207500000942865371165793842378214659456372198821459763739681524613947285584126937297538416
000090076700048201000002000003800900000300560072000004900001002601080005080560000328195476759648231416732859563814927194327568872956314935471682641283795287569143
020970000003000210000000850005102070000065000031089060080090034050310900000600000528971643943856217167243859695132478872465391431789562286597134754318926319624785
280700013007041200060800070400000021005060000000007506610900000000050700000320080284795613537641298961832475476583921125469837893217546618974352342158769759326184
001006000030020080960000030000100203500490006010075800003800000040700008000602910271386495435927681968514732794168253582493176316275849123849567649751328857632914
500009400600000300932000058010056020003002100000901007070498005000500000000600030581369472647285391932174658419756823753842169268931547376498215194523786825617934
000650709809000003000003201980300000100400000040060005407100360003000004600500020321658749879241653564973281986315472135427896742869135457192368293786514618534927
001500280000006000080300000900800001106070000008005402000004500372000140405003006691547283243986715587321964954832671126479358738165492869214537372658149415793826
000000400709006081002070003040060002000108047007230890800005030300000000000780900586312479739456281412879563948567312253198647167234895874925136395641728621783954
100000060027930000000200000800000030049005200003741000300020601001000020502000347138574962427936185956218473815692734749385216263741598394827651671453829582169347
080306050079000030030029067000081000900000500240030008000000020020060009000207104482376951679514832135829467753981246968742513241635798817493625524168379396257184
000630000090000008100000000500002080010005009072308400001500326800040501600000870285631947496257138137894652564912783318475269972368415741589326823746591659123874
000000005000006300700028160096002000230010000078439002000000900803090400020700010361974285982156347754328169496582731235617894178439652547861923813295476629743518
000000705170200008004098006932650800000020000001000690890001000403000009010000030389416725176235948254798316932654871768129453541873692895341267423567189617982534
054900703200600000180030060503000602870000001000090530000509000000003000010006280654981723239657814187234965593148672872365491461792538728519346946823157315476289
500070001006020000900400070004600300701953048000080000238000004600007009000040200582379461476521983913468572854612397721953648369784125238196754645237819197845236
071040000004000102690008000000004000700090005006007018568000029000085063000406000271543896384679152695218374859164237713892645426357918568731429142985763937426581
030700400709000501500100080007060302002000009080000600000300700000500968400092050831725496729846531546139287157968342362457819984213675695381724213574968478692153
000400020000607000091000800000060030004250670902074500000723005709000000300900040576418923283697451491532867157869234834251679962374518648723195729145386315986742
300800500000000041000010078000150020040000780000000903010268007207043000009070030371824569825796341694315278938157624142639785756482913513268497287943156469571832
790420000000907020000058004008002046000000270200380000000009600920000015051006000795421863684937521132658794518792346349165278267384159473519682926873415851246937
000026001060070800010003900041008020300000608820700000000207306005610000000930000479826531563179842218543967941368725357492618826751493194287356735614289682935174
350090018749000006820000000000700002164003097000000000090508400005060001000300070356492718749831526821675349983746152164253897572189634297518463435967281618324975
001090607400600000200004008000008005600003000050420703000280000810006302060000501531892647487615239296734158743168925629573814158429763375281496814956372962347581
100000008453890700000001020090400060040600107608000050000205074000000000210006090172563948453892716986741523791458362345629187628137459839215674567984231214376895
403000000100520304000006000007100900000200046258000001000070609029600100800309000483791265176528394592436817647153928931287546258964731314872659729645183865319472
000060008900003000008000710004620000085070064090500100000100472070000009063000801531764298927813546648952713714629385285371964396548127859136472172485639463297851
009370520050600100800000060000003091520800007091000050030004000960750003000000040619378524453692178872145369748523691526819437391467852235984716964751283187236945
007000080405020030000497050008300000350104800001000070000000001030000928609005700267531489495628137183497256728359614356174892941862375872943561534716928619285743
003000000000007810600000900001090006000600420000048000060039570019054030005076080193485267524967813678321945481792356957613428236548791862139574719854632345276189
800090000000000408650000090503000010900520000017008009060350780000600035070040100834295671792163458651784293543976812986521347217438569169352784428617935375849126
001840000000060240400007053004906170600710000000008000005200030806030409200000000531842967798365241462197853384956172629713584157428396915274638876531429243689715
010060807002140000407030209900400000600700408040010030006000000180500004020090000315962847892147653467835219973458162651723498248619735536284971189576324724391586
080004109010309500005000602000003070500802300009000005800210900402006000000080200287654139614329587935178642128593476576842391349761825863217954452936718791485263
950270000040000007000060009062040010000100470015680000080036000006820100500009000958274361641398257237561849762943518893152476415687932189436725376825194524719683
090000204800000000714800000020608370940307000000092605200000010080005002000010003693571284852964731714823596521648379946357128378192645235486917189735462467219853
000000007005003000860700950981000030000300800000028000009160780700200490458000000194852367275693148863741952981576234542319876637428519329164785716285493458937621
002630900000409100090057000010046070008000059000305000480071000001090000050004030172638945536429187894157263315946872648712359927385614483271596761593428259864731
004960780090507003000080500045000000900000652070010040060092035100000007080000000524963781891547263736281594645329178913478652278615349467192835159836427382754916
600200700902410800000009602007030260000000000009060050000500400010040070340607008634258791972416835851379642487135269563792184129864357796581423218943576345627918
060100028000000000000490307009300054380004270040010600900600000010000096500780000463175928792836541158492367679328154381564279245917683927641835814253796536789412
000706804008040500900080000240000006060270010090005000006400009500000003082031070153726894628149537974583261241398756365274918897615342736452189519867423482931675
200100009003042050680539200000090001960014000000700034000000000030000416050000020245178369793642158681539247324895671967314582518726934172463895839257416456981723
000040005014000060000008007350410002040060730700000004200070108000005400409600003837946215514723869692158347356417982948562731721839654265374198183295476479681523
006010034010500009300000708103000950009000040680020000000004007402091005000007003296718534817543269354962718143876952729135846685429371938654127472391685561287493
601009405090180006000000000008070600000306250002008700020000190007010040810004000681739425294185376735462981548271639179346258362598714426857193957613842813924567
079000400805310000100070000001002035000000000760009020000805000008207100096400058679528413845316297132974586981742635524683971763159824417895362358267149296431758
040300060609810000000000000760001039000200754000008620020900003003407000800006200241379568659812347387654912762541839918263754435798621126985473593427186874136295
000200300700896000460000097800500000010008500027000100080017002001030009306000400198274365753896214462153897834521976619748523527369148985417632241635789376982451
012480009064000070500300000000600000050003906089070030000500200100009000823701000712486359364952871598317642431698527257143986689275134976534218145829763823761495
090307051010000000005160003900018000000000010020000806100009300080000500300782049894327651613895724275164983967218435538946217421573896142659378789431562356782149
001060030090700500060250070847000900000000040000080000005009420000612700102500006751968234293741568468253179847126953516397842329485617675839421934612785182574396
000000986003041027005000003020807000008010002000206051000009700080500010049000008412735986893641527675928143126857394958314672734296851261489735387562419549173268
032105008080000001004000020000000510000593800000601240290304000000000000753800900632145798587269431914738625869427513421593876375681249296354187148976352753812964
000900006000002000010040070000591600009007281100800000006000800038000104700468030372985416694712358815346972287591643459637281163824795946153827538279164721468539
010005300080030052000004007004700000500390004300608000000009083050000210200800405712965348486137952935284167164752839528391674397648521641529783859473216273816495
000250040000008063690100800010065000000380010700000500003691004009000080007020006381256749572948163694137825918765432425389617736412598853691274269574381147823956
000061700010900045004000001000380000370200080049610500037000009025000004000103000253461798716938245984572361562389417371245986849617523637824159125796834498153672
207008000054000910000503000006000000970200641000006209130790500000060000690000800217948356354627918869513427426139785973285641581476239138794562745862193692351874
400278006090005000002004300000000518020319000074080000007001000800000400340000071435278196791635842682194357963427518528319764174586239257941683819763425346852971
900000605070005090004000008500400830086310407000020000042001000010960020000004100928137645673845291154692378591476832286319457437528916342781569815963724769254183
005100000000002070800005060006000030071000900300406201502300640100004807000020010765138492913642578824795163256981734471253986398476251582317649139564827647829315
007006000000090200000418070960031020721900403008000600400000700000080006005000049857326914143597268692418375964831527721965483538742691486159732379284156215673849
308020001070500086601003500006200007800040000049005230003906050000000000000038000358624971274591386691873524536289147812347695749165238483916752967452813125738469
100057000724000800003004071000008000005019340010600900002500008000000035048000100186357294724196853953824671239478516865219347417635982392541768671982435548763129
000070000160000000230090050508040027400300000092100000004503006020009500650080003845271639169835742237694158518946327476328915392157864984513276723469581651782493
005700200040853600780002000000020000079300510200005430001004028060000000003000090135796284942853671786412953354127869679348512218965437591674328867239145423581796
003020608092000350000000009100206080900830700080000006000000907401960002000001400513429678792618354864753129147296583926835741385174296638542917451967832279381465
300087900004000805080009014032906040500210008000005009000700690040000000000020400351487926974162835286359714832976541569214378417835269125748693748693152693521487
000019050900000301020000906001470630060000040092500000800005003000007500000386100378619452946258371125734986581472639763891245492563817814925763639147528257386194
801634009000000100900075000054208007007000020008040000500000042076003000030050700821634579745982163963175284654218937317596428298347651589761342176423895432859716
000060080286000370531000006053900000000007400100028700640300050300600000800001000479263581286415379531879246753946812928137465164528793647392158315684927892751634
000450000029000007004076302756020010000005800000009503003000080095301000000097000367452198529138647814976352756823419931745826482619573173264985295381764648597231
030095704000300900000700008060000400002901080000007360070600000601403800490000050836295714714386925925714638567832491342961587189547362278659143651423879493178256
109000800600490000002700049007020600400507080000000000010200008080030724005006090149352876678491235532768149857924613463517982291683457314279568986135724725846391
403000000056020007270100000040000000607003019001009000000900500000605030098400126483796251156328497279154683945871362627543819831269745364912578712685934598437126
007020340060000000100009780000840000090302500086000004002000090043106000570000610857621349369478152124539786235847961491362578786915234612783495943156827578294613
300060008000098043000000070700500000206000310158000097000900002600104000070032600391467528567298143482315976739521864246789315158643297815976432623154789974832651
700800006000430000000075403000000310060520000270000000040900100807016000012380900734891256956432871128675493485769312361528749279143685643957128897216534512384967
000000078008031400006500000003900000090600705405083620060800010307000006200010000132469578958731462746528391623957184891642735475183629569874213317295846284316957
019000080500000090700260050800000010127008000004617000000300620080004003070090500219745386546183297738269154863452719127938465954617832495371628681524973372896541
500060000070009102000007069900200804003000000080000093300001020040000076050740301594162738678539142132487569916273854423958617785614293367891425841325976259746381
096000004708102000000930000802000005950004070000060020084000009000008502003600740296857314738142956415936287862371495951284673347569821584723169679418532123695748
000003642100400000200860000670500000040300000300041950950000006010200890000007200895713642167425389234869571671598423549372168328641957952184736713256894486937215
096520010008000000000009006600004009081000500050200461910060200003070000065300000396528714178436925524719386632154879481697532759283461917865243243971658865342197
000002000001547006700000908000080060650009000400005100908024000060000003000308792346892517891547326725136948179483265653219874482675139938724651267951483514368792
030008102976000000200000006060500387502000600000009200650700001000030005001040060435968172976251438218473596169524387542387619387619254653792841894136725721845963
073050400000400000021036009000309070900040060010000000135000000860070032002000140673952418589417326421836759248369571957148263316725894135294687864571932792683145
602000038000600000000907105001802003030150000060730500000000050070000086810000940692541738157683492384927165541892673739156824268734519926478351475319286813265947
030000060208000009700005003009850070070960000801000200080030015017004800000600007135429768248376159796185423469852371372961584851743296984237615617594832523618947
004002600600000230000100040000029010103700060050340700007003000081400900005010800574832691619574238832196547748629315123758469956341782497283156281465973365917824
409060010050003060716400008300502000040010000002600400000000006100730809080900000439867512258193764716425398361542987847319625592678431973284156125736849684951273
080030000000090400005004071200010830008006950000700060010073240000001700002600003481537629637192485925864371269415837178326954354789162516973248843251796792648513
000000209035908000000040503000800400700400000003265010078000090241030700060000040814357269635928174927146583196873425752491836483265917378514692241639758569782341
000098005600500000725000900004006589000009003053800000030080001000040090082010060341798625698523147725461938274136589816259473953874216439682751167345892582917364
070026190009083000068010300002008400046700025000000000080090032005000061300000000473526198159483276268917354792658413846731925531249687684195732925374861317862549
500000000000601000071043008200000805065902400004005097036009540000030600900000000549827136328691754671543928293714865765982413184365297836279541452138679917456382
000100000000704000607000851008090000050010036030270900006850302000020004302000070823165749591784623647932851268593417759418236134276985476851392985327164312649578
004050030980400600000800027400000050000094080007610000500200001010903048006001000274156839983472615651839427469728153125394786837615294598247361712963548346581972
000074900010009002300080006020000750107090008000752010203000060060043000590000000682174935415369872379285146926831754157496328834752619243918567768543291591627483
806050103031700500000001000020003400009400310050070008060318000400000900000600800846259173231746589597831246128963457679485312354172698965318724483527961712694835
000000020000060850000103040900000400100972600086000000470008001295000068060030004649857123317264859528193746952386417134972685786415932473628591295741368861539274
004030009000106420000800050000500001830760000501000000000000016170020308009600075654237189798156423213894657967542831832761594541389762325478916176925348489613275
043006080000000000950007010020075001409200300080900000091000608000030000837021000143596782678142953952387416326475891419268375785913264291754638564839127837621549
100270000000010050080000200060000000034007000000163008390708006208906300700000085159274863623819457487635291561482739834597612972163548395748126218956374746321985
204080070000040000050000201090000000047501800601920400060200008000050329000800700234185976179642583856379241592438617347561892681927435763294158418756329925813764
010200439600005100008190000090000070002408010040010508000000000000602801000051700517286439629345187438197265891523674752468913346719528165874392974632851283951746
580200000026000080900006030009700510000000348000400009060030850300050607170000000583241976726395184941876235439768512617529348852413769264937851398154627175682493
903140600600300904700000000000001500006002470807059160000005200060000040010000030923148657685327914741596328492761583156832479837459162374685291268913745519274836
030425600000080000000900005600000070000800030078064900042630050050000009300019004739425681425186793186973245693251478214897536578364912942638157851742369367519824
600000400000190207241000005000038070480700000705000040000052300369000000000306100697523418538194267241687935926438571483715629715269843174952386369841752852376194
040010007007024801008007000000005200000803000500102060205300900004000120301000040942518637637924851158637492713465289426893715589172364265341978894756123371289546
000060008781000000200700040000040080850012000910000205540100600003000479000000051435269718781534926296781543362945187857612394914378265548197632123856479679423851
100090000050007600006210309000008000240900500000500060823050004004080902090040000132496785459837621786215349365128497247963518918574263823659174674381952591742836
300000900005000807097010005002300000004009000130008572000560020900100000060097004326785941415932867897416235672351498584279613139648572748563129953124786261897354
005700000040020013000010600000004060100050904500100007090006352732000080000002001915763248647928513283415679379284165128657934564139827491876352732591486856342791
903600504000000100070480000000500060500160008080007300030004010009006200020809070913672584468395127275481936397528461542163798681947352736254819859716243124839675
805300000000450100204900563107000000040001000908700000000605007020080000051000490815326749396457182274918563137569824542831976968742351483695217729184635651273498
035069001001000006900070080500086000408307020090020300000000174000508003000000800235869741781245936946173582523986417418357629697421358859632174174598263362714895
400070050000090000080500402040082070000065800000407061302009000000008504800001700419276358235894617786513492643182975127965843598437261352749186971628534864351729
003700008070049360002600400010004000400000700080953000100000080020508040000020507643712958571849362892635471916274835435186729287953614154397286729568143368421597
005700800204000607000004010050409008903006051100030009000000200302050070090000030615792843234185697879364512756419328943826751128537469461973285382651974597248136
000900680030000200006034000509062000007080002800109000700300004090800061050017000475921683931678245286534197549762318167483952823159476718396524392845761654217839
210800070000400030400905200000080052080607000901030000040010923000000064096000000219863475758421639463975218634189752582647391971532846845716923127398564396254187
040009572600300000090001008004060830000030000378020106200010600000200007016000000143689572685372941792541368524167839961835724378924156257418693839256417416793285
506000204000030000020000830000490071008300000900602300060007000710005492000000760536789214187234956429516837352498671648371529971652348265947183713865492894123765
700004020090603001135000060000400000079000800001800950060050000052006700308009000786514329294673581135982467823495176579261834641837952467158293952346718318729645
060700035900000000001204000096001704040000600780900010008000100200000408400520007864719235927635841531284976396851724145372689782946513678493152253167498419528367
007100004003408065040000010006807250004000000090050030000004100021080006600730000567193824913428765842576913136847259254319687798652431375264198421985376689731542
074000002060300000005800043000530704402000065000209001600050090043010050000000100374965812168324579295871643819536724432187965756249381621753498943618257587492136
090000007010020004274000950040002000502483700007005003700000065000030001006100000693854127815927634274361958349712586562483719187695243731249865928536471456178392
300000025000092003006080700000500000002030897400809000200750934009040000005060000398417625574692183126385749983576412652134897417829356261758934739241568845963271
007509008029100403000030070100040009060078000302005000090004700200006050000000096437569218529187463816432975178643529965278341342915687691854732283796154754321896
000385900000040006059000320030007000790400630400960010000000200008006007060800050624385971173249586859671324536127849791458632482963715315794268248536197967812453
008051000500090010000600700300200070005010049400009500127080030000000090003004160738451926546792813912638754389245671265817349471369582127986435654173298893524167
000980050004001070000003040010302080083000020005070009030200500000048003920100004167984352394521876852763941619352487783419625245876139436297518571648293928135764
010000002400025003360007000941000076570000200000470000000000920100036000700900305815369742497825613362147598941253876578691234236478159653784921129536487784912365
100470000020500009007030000030210000010040008098000064309180006040003510000000900186479352423561879957832641634218795715946238298357164379185426842693517561724983
700000006508020090020390105800040000000700002000150608000200000079504000602038000793815246518426397426397185835642971961783452247159638384271569179564823652938714
000000001000804002051700068000201003000400600029000000107650300200000100300080295842965731736814952951723468678291543513478629429536817197652384285349176364187295
000300089047850010020064500000000006009005000000080704090030800075200040010008070156372489347859612928164537584721396739645128261983754492537861875216943613498275
000050007700008090020940000540109000008000000900805701006000150305090080082030000839256417754318692621947835547169328218473569963825741496782153375691284182534976
000000400604050010001270900080100000400000000020496300510008040000607003040009802932861475674953218851274936789135624463782591125496387516328749298647153347519862
342000908906000004170000500003009850000000100000762000400203000000010040827050000342675918956381724178924563763149852294538176581762439415293687639817245827456391
700006900080102000300005128410000800602000700090004000000060200258000004004000089721846953589132467346975128415723896632589741897614532973468215258391674164257389
000700006041020070000004010002003050600005801854000000090000120000092004305080700239718546541326978786954213912863457673245891854179632498637125167592384325481769
051000620608150000470000050000490000005003204000060000007005401090020075000040080951374628628159743473286159812497536765813294349562817287935461194628375536741982
000230100000050200003400000000060000005000072706082040900007060080640320040023005469238157178956234253471986324765819815394672796182543932517468587649321641823795
002970300700200000000803600060004080940350207000006009096000005103000000020009010682975341734261598519843672265794183941358267378126459896412735153687924427539816
060007020400000051301000000000000460000876002600004000000502340903040070050093100569417823428369751371258694892135467145876932637924518716582349983641275254793186
030904280005201000024006700000060170700590000060000050006180003058000040000000010631974285875231964924856731582463179713598426469712358246187593158329647397645812
030700540000002009860005700003009000090200005200050060017000000000063120004500093132796548475832619869145732543689271796214385281357964317928456958463127624571893
010043000007200600500700001000300240000080000000500063006050009050400180801029007619843572387215694524796831795361248263984715148572963476158329952437186831629457
000302700408005000000060100000003007013000000050700900070490620902030070006000498561382749498175362327964185689543217713629854254718936875491623942836571136257498
050001070001000300008904650400002000027056000090070000000010802530800409080000700953681274641725398278934651416392587827156943395478126764519832532867419189243765
000805900060000050400907008301000540004538000009002060000750400007000300005001090712865934968314257453927618381679542624538179579142863896753421147296385235481796
580060003007030001400000000000001004098000057034700062040003010700006000006080095581269473967834521423175689275691834698342157134758962849523716752916348316487295
052040007408500000100680000000090000800000240006000398080070460060300509000004001652149837498537612137682954243896175819753246576421398981275463764318529325964781
401000500000010090700020600900000000010408907070095000834700060000200084160000050421986573386517492759324618948672135615438927273195846834759261597261384162843759
000023600510000800060070000006000281000200004400100090070006030000000029193480007749823615512694873368571942956347281831269754427158396275916438684735129193482567
700003000910060030006900025090000012045000063000089570000005000100000007070290400752813649914562738386947125697354812845721963231689574428175396169438257573296481
470300020005600098000009500013050004000000085080001002030000419600000070891000000479385621125674398368129547213857964947236185586491732732568419654912873891743256
000090000002000415050270000063007000100900034800000060085400900006000300090830250631594782972683415458271693563147829127968534849325167385412976216759348794836251
300000605250000093196000000000003081000052000004070500005320060000007000700069024347298615258716493196435872579643281631852947824971536915324768462187359783569124
300000000000205901000040507400020700070904008020100060089000602230050000000780010357891246864275931192346587416528793573964128928137465789413652231659874645782319
000001508040000710270308090008002007500000240000470800000000009053960000780010000396741528845629713271358694468132957537896241912475836624583179153967482789214365
030000000007000900902815600300000007400008090510200004001004050050020700004039010635972481187643925942815673328491567476358192519267834291784356853126749764539218
062107030900050702800300000040000300000020107000008000021000083350000009000580071562197834934856712817342956245719368683425197179638425721964583358271649496583271
000000001000075030510300400709600000060089000400200009203007150050000873100000090937426581842175936516398427729654318361789245485231769293867154654912873178543692
030200006700030012006000007007005030000097060950020004090001520042000700800000003135274986789536412426189357267415839314897265958623174693741528542368791871952643
051040000009700604403800000920007150000930067000050029000360500002400000000009000651243978289715634473896215924687153815932467736154829147368592592471386368529741
007005006000003702801070005002007090900040100306800007000090024004300659000000000237985416495163782861274935142637598978542163356819247513796824784321659629458371
720090003006400900890000000400370000609001370070504008000020006000010050107000200724198563516437982893652741481379625659281374372564198945723816238916457167845239
140590000005071090000040080600200800007000020010034600460020000023900040001000070142598763385671492976342185634257819857169324219834657468725931723916548591483276
020000470701002089000700000010970000009020004000048001080000603094107020000605000925813476761452389843769152418976235379521864256348791587294613694137528132685947
001000060006245090005030000000923000080000019030010200000000054000301607902400001421879563376245198895136472154923786287564319639718245713682954548391627962457831
020041000570000064080000095000450016705083400002700000050000007400000300000234000629541873571398264384627195938452716765183429142769538253816947416975382897234651
001002060590010000006000050000065200610300090302000040800076000009004805107000006481952763593617482726843159978465231614328597352791648835276914269134875147589326
105070000009800005000000700306500008000007530000620170000090081497010000003205000135472869729836415684159723376541298241987536958623174562794381497318652813265947
000000109900048000067000050298100700000802000000637002400000607000080001075003020342576189951348276867921354298154763736892415514637892489215637623789541175463928
216000500304001006000083000500026000001800000000000301020400000108502037070000490216974583384251976759683214537126849461839725892745361923467158148592637675318492
000000000002009608001005029056000800807090040090000306070030002000060510130500060983246157542719638761385429356472891817693245294851376675134982428967513139528764
002500900007021040001003802000900600309800007710005000070002168000040000000000750432587916897621345651493872528974631349816527716235489974352168165748293283169754
010007000800023000200010057064002900050001020000000604906200080021080006500000003615947832847523169293618457164832975759461328382759614936274581421385796578196243
000004700381000009060500000000405021674102035000000000200600057000000090010320080529814763381267549467593218938475621674182935152936874293648157846751392715329486
020000000007001930010523800074800201308002600000000070040600000700200580000045000623798415587461932419523867974836251358172649162954378245687193736219584891345726
800000902706028040000000060000050090490000051531009204100000000200301008080060000853746912716928345942513867628154793497832651531679284179285436264391578385467129
900070000401005000020000100006038200070406309800000000048290035350000000002003700963172458481365972527984163196538247275416389834729516748291635359647821612853794
801507049000300086040010000000000700000650802320000004600704000570001400000005060861527349257349186943816275186492753794653812325178694639784521572961438418235967
600458031300070040000900000000000000006300209090200800000000108500720390010600054627458931389176542154932687231869475876345219495217863763594128548721396912683754
009010003580400010000000900008000004357109002900702000000050000075004006134060000729518643583496217461273985218635794357149862946782351692351478875924136134867529
000071900000005002160000000035000004010903780409050206006002000050080000398006000523671948987435612164829573835267194612943785479158236746392851251784369398516427
700310200063000000190000000040900803601400000000768105000090007010004000205000690754316289863249751192857436547921863681435972329768145438692517916574328275183694
003040580040000000070200030001306094000090050930007006007010360020800005000500001213649587849735612675281439581326794762498153934157826457912368126873945398564271
530090007804002000170000409009000860000024900010800030900080150000050300000103000532491687894672513176538429329715864658324971417869235943287156781956342265143798
000100072009450300002000005407500000000003200950006000300000900005604700000918036538169472769452318142387695427591863681743259953826147316275984895634721274918536
098406001000070000060000004000000930034520007020180000006900200002000700400030819298456371543271698167398524851764932634529187729183456386917245912845763475632819
060000070001400850095000204080730000609000100170060000006000708000900005900602010468295371321476859795318264582731946639524187174869532246153798813947625957682413
000053000900040072000820050403010005060005007005070008207400000501080000006090004612753849958146372734829651473918265869235417125674938297461583541382796386597124
000000900000014080840000050001046208376005190020300600100007000089000007003100000617538942935214786842679351591746238376825194428391675164957823289463517753182469
216050000000700000000010009730501804000000270000400000008000340347090081002030700216958437593746128874213659739521864481369275625487913968175342347692581152834796
021003007890006410000000000008000700400100000350000920103040000000010650542060008621453897895276413734891562218639745479125386356784921163548279987312654542967138
280901600000706480007000000030100040090002065406005900040500870000000010063000000284931657319756482657284193735169248198342765426875931941523876572698314863417529
031200700000050000420380005180020003005004000060078004040060917002000000600000400531296748876451329429387165184925673795634281263178594348562917912743856657819432
400005020000604050650790800000500600030080040900100000100070000067409005080006700479835126813624957652791834721543698536987241948162573195378462267419385384256719
002037000100002000470910600840000700090000100607040005900170030000004001208500000582637419169482573473915628841359762395726184627841395954178236736294851218563947
005100090000009570600020001907200000050700000006341007080030000310002060004000208475163892231489576698527341947256183153798624826341957582634719319872465764915238
608700000000800350200059080040500000830200000000000009120000408067400100089006003658734921794812356213659784942561837831297645576348219125973468367485192489126573
000001030009040007000090806050010020702409003340002700106500902000000000007080060825671439619348257473295816958713624762459183341862795186537942594126378237984561
400100908900000320800090050040010000700005600090006072001400000300080006000200813453127968917658324826394157648712539732945681195836472281463795379581246564279813
000001006108934700037600040000020500092000800700080020820000010300000070406000009254871396168934752937652148681729534592143867743586921825497613319268475476315289
050900060004500301100000208005003170081200009700000005002006000607051000000028000358912467264587391179634258925863174481275639736149825812796543647351982593428716
700002048000400930324050070003000000900100083050040007000000094600000000098070310719632548586417932324859671463728159972165483851943267135286794647391825298574316
850030009007200860000001002000900038000506000620700000106309020005000710700000006852637149317294865964851372571942638438516297629783451186379524295468713743125986
000689007020700000000002009165000003000000041407900800040501076500400102000003000354689217921734568678152439165248793289375641437916825842591376593467182716823954
008100309090020617000007504850004000023090005904030000600080000000000290007000008768145329495328617312967584856714932123896475974532861649281753581473296237659148
600900200000074000700500001409003100000000036082040090070400009020001084006800050654918273291374865738562941469753128517289436382146597873425619925631784146897352
000002008070041000600039750050400003280300014000170000000600090748000002000200040195762438873541926624839751951428673287396514436175289512684397748953162369217845
050800026071036000000000370004000000906005810010608007000080143000500009002000060359871426471236598628459371784193652936725814215648937567982143143567289892314765
005070608206100040000650900973010002000800100500000000100200403030500000009000706315974628296138547748652931973415862462893175581726394157269483634587219829341756
096204000087001000000070000670130500000600001400000803000502070021083600034000000396254187287391456145876932672138549853649721419725863968512374721483695534967218
503009607068001003000830000030084000040300200050600001609000005000040009104000070513429687468751923792836514231584796946317258857692431629173845375248169184965372
002410007000000500130000400000000060070586200009001045080394000200005800300700090652413987948672531137859426521947368473586219869231745786394152294165873315728694
700008009200030850800000700039002508000004000400015002500840001000000080300100607743568219291437856865291734139672548652984173478315962527846391916723485384159627
402000080000030071000768004500807000147000030680040000008090700060000450030100000472951386896234571315768294523817649147629835689543127258496713961372458734185962
705000901209700560080100000004000000060009200003208400071040090540000000000061700735624981219783564486195327824376159167459238953218476671542893548937612392861745
003104087800000059000000001006900002008000000001070648305007900000800000704062005653194287817236459249785361536948172478621593921573648385417926162859734794362815
708500400000000260000097000940153000001000090200004050000000008000040175013089002738562419495831267162497583947153826351628794286974351674215938829346175513789642
009000000020308170000040008070020064902036000001097050003105090000203600050000000839712546426358179517649328375821964942536817681497253763185492194273685258964731
140000253008000019030002600000091005007006090300000000002008070083500000401000580149687253268453719735912648826791435517346892394825167952168374683574921471239586
004200000002087005050009700080762090400000310020041060040006000609000000000030406794253681312687945856419723183762594467895312925341867548176239639524178271938456
000080000900165400500700000089000240000300908140000650002017000300000076760050000416289735937165482528734169689571243275346918143892657852617394391428576764953821
070090100610000005000704000360050400809003006050007000000900000508071200001305080273596148614238975985714362367859421849123756152467893436982517598671234721345689
020700400800650000900008302400200000500060000097005030000000067050120040008079200125793486834652179976418352461237598583961724297845631312584967759126843648379215
000700300400605180010930260045000010000301020370000000090160000850400000000080006962718345437625189518934267245897613689351724371246598794163852856472931123589476
003000027900070100876000000601800030407003000000005090004009008008040360009007400143956827925378146876421953651894732497263581382715694564139278718542369239687415
003080496016000002050020013360400000090010000000800079080700000000100005400005380273581496916374852854926713367459128598217634142863579685732941739148265421695387
070100230100000060000290400400000000800039150002000008050002380003007500206080007574168239129374865638295471415826793867439152392751648751942386983617524246583917
600470309070083205208000000000030790720040600800000000000010070086000400007009020615472389479183265238596147561238794723945618894761532352814976986327451147659823
298003000700004000000056000300000009905060078807920006000102050000040030032000004298713645756294183413856792361487529925361478847925316684132957579648231132579864
406030000100506080008000305200408930000710800060300000500009000600000003007600150456837219139526487728941365275468931394715826861392574513279648682154793947683152
400000320900000006083400000090180007600720900000900500100052780027000000040007050461578329975231846283469175392185467654723918718946532139652784527814693846397251
180200000600000001900013007000500000003000800000406050000950210508007030421300900187245369635879421942613587764582193253791846819436752376954218598127634421368975
090000007028003005500040600060971020000004070040000069030007980000190040072000000493586217628713495517249638365971824289364571741825369134657982856192743972438156
047008000000001090080600021403200075000400038060000000358100009074000000020040050147928563236571894589634721413286975792415638865793412358167249974352186621849357
000400007015000600900006100390807402072004060000100000000500006023000000700381009638415297215798643947236185391867452872954361456123978189542736523679814764381529
010003000309002001070000090006005040405067030090200010002300650000040180000000970614953728359782461278416395136895247425167839897234516982371654763549182541628973
700803000900000030000000800056000020100005300000410908060780200810040700070039600742863519985127436631954872456398127198275364327416958569781243813642795274539681
320907000104000000050010700003090010207054000000038500002040900030000068060080300328967154174825693956413782583692417297154836641738529812346975439571268765289341
000002049009800300001045708857010000000000100000600080500003900306780000020090070785132649249867315631945728857219436462358197913674582578423961396781254124596873
004060070000900000030007000009080401800006009000400085001604003090058010607010020914562378768931542532847196329785461845126739176493285281674953493258617657319824
020006100000790000900380050000018492000003000090000067302009806000800005400007003827546139534791628961382754753618492246973581198425367372159846619834275485267913
001008000806402900300000000009700804000060079045000100004000086900000500603057400491638725856472931327195648269713854138564279745289163574921386982346517613857492
070490103130060000000000090000943001000000064200570300082009600700010000000820400678492153139765842524138796865943271397281564241576389482359617753614928916827435
380460029400000503600012000030700200740000000000001780100020000800000900006000352387465129412879563695312478538746291741298635269531784153927846824653917976184352
690001005400300070201005900080040309004803000000000100025000007000008216030000500693471825458392671271685943582147369914863752367259184825916437749538216136724598
600840700020090000000000039070904000042080006010700902000050100300009004204100090639842715127593468485617239576924381942381576813765942798456123361279854254138697
500004160064020900700361005005040000000572400097000001000000300006000000900610700532984167164725938789361245825149673613572489497836521271458396356297814948613752
107045209080006050009000001000090300205087000038000000921000005040700600000400020167845239382916754459273861614592387295387146738164592921638475543729618876451923
006035000800600010001009024010800050060090030000200100900320000005000203600000749246135978897642315351789624719863452562491837438257196974326581185974263623518749
700400800005000020200007150000060040008300009600570000380005000002900015010200038731452896895631427246897153973168542158324679624579381389715264462983715517246938
100089005083005070009200408305007801200006000040800006000000500430020060070000000124789635683145279759263418365497821218356794947812356892671543431528967576934182
020410000070089006000006091001004003500000148432000070000100035008070000300000800926413587173589426845726391781694253569237148432851679294168735658372914317945862
004002036650097018029030000501086300000000009072050080010020500008000000900000000784512936653497218129638475591786342836241759472953681317829564248365197965174823
000400100780300040090000052470000801000060000000010027043007008025000006807003005256479183781325649394186752479532861512768934638914527143657298925841376867293415
080000560000010400000200030900000607400005002870060000740900250160003000508007010287394561395716428614258739951432687436875192872169345743981256169523874528647913
600070280010200300000030061000002500060900000080000013300890045040000000050064930635179284718246359492538761173482596564913827289657413327891645946325178851764932
059078000070000000080902056400003200700040000000790080523080040000006023000007800159678432672534198384912756495863271738241569261795384523189647817456923946327815
500607000070005130204010000002700090000060040806300200000003960380000500005082000519637482678425139234819756142758693793261845856394217421573968387946521965182374
005002009700000020040100067600910700010000000509006013801005002000030500200007400165782349798364125342159867623918754417523698589476213831645972974231586256897431
608500003095031000100000200000320009400109006970040000000403000302000500000006801648572913295831467137964285586327149423189756971645328819453672362718594754296831
500090601000000030000103200000304950000060010800901006002700500057000490400805000523497681914628735678153249261384957739562814845971326182749563357216498496835172
506090001000010903010004200003050800200040709157006000030800000000061007000000108526398471874512963319674285493257816268143759157986342731825694982461537645739128
001004306600002900004600100078000000100380420000000819230850700000006500000000001721594386683712945594638172478129653169385427352467819236851794917246538845973261
510000000000004080300090000100300850090700004407002600000260090060008205040000136514873962679124583382695741126349857895716324437582619753261498961438275248957136
405000092093000500100029000004005326800040900000230100300710000007000001950000000485173692293468517176529483714895326832641975569237148348716259627954831951382764
800000000690103002140200500900050060020700050000006700000030906500400120003090800832945617695173482147268539978354261426719358351826794284531976569487123713692845
060000000420590001000001200805006000700009300610300507000000084056410000004070050163247895428593671597861243835726419742159368619384527271635984956418732384972156
500000014090040370010052000000000026075800030060031000180400000900700100400006090538697214692148375714352689341975826275864931869231457187429563956783142423516798
000009400597000180130007906300700000200000000070198040000020090000065720000400001862519437597634182134287956389742615241356879675198243756821394413965728928473561
028000000000060008700004500100040000009600002400790300000008640800000250346007801628579134954163728713824569167342985539681472482795316275918643891436257346257891
406002000007600004000000010005918000060020050301400820000050901030896000000000082416532798927681534583749216275918643864327159391465827748253961132896475659174382
020070030700600508000004700400000020200400010000025007004050000090307280600018300826579431741632598539184762458761923267493815913825647384256179195347286672918354
000000008700000000040090070001804020000032051902000007060080009200040060490065830316427598729658314548391276651874923874932651932516487165283749283749165497165832
000009102010000075204030000530900001000025900000700000800200050007856000420070009786549132913682475254137896532968741178425963649713528861294357397856214425371689
530800000200900000090060702000000943000400000020007850068020310300050009105000070537842691216973584894561732751286943683495127429317856968724315372158469145639278
500048000300000060140090008050900040000800000004007316000080000008103500070625009526348791389712465147596238652931847731864952894257316215489673968173524473625189
000080090004209100900100602000005908006000030251000004000070000070300006365800400612487395534269187987153642743615928896742531251938764429576813178394256365821479
000607000007001209023009074300950002000078090005000840076000403500000010040000000459627138687431259123589674318954762264178395795362841976215483532846917841793526
400025069300400750000900410078000040000006200000070000940080003200607000000590001481725369369418752752963418178352946593146287624879135946281573215637894837594621
002900000070010098600000005094037020000069000230000000960003402001090800080000650842975361573614298619328745194837526758269134236451987965783412421596873387142659
000900000590000200100040000400186027000030008008052004080390000010000590024060001842973165597618243136245789459186327271439658368752914685391472713824596924567831
000100009907003600010800000004617300102300004000008000003000041095000830400006050328164579947253618516879423854617392162395784739428165673582941295741836481936257
030607190094020756000000030026300000500001040000008007000030000080006021300400005235647198894123756617985432126374589578291643943568217751832964489756321362419875
008000003000900002003700010010009507306010004050408001039004008070002000040890000198246753765931842423785916214369587386517294957428361539174628871652439642893175
000000000402700306310800904063409500080060000500300010004000705600070000025000030978634152452791386316852974163489527287165493549327618894213765631578249725946831
400063081000504000060008079800029010700000300120000068010400000500096000000800004472963581981574236365218479846329715759681342123745968218457693534196827697832154
100000070080020003000500260000240306009003407340908000891400500000000010605000000152639874486721953973584261518247396269153487347968125891476532724395618635812749
057002104000017060806094020003000890020700000100400300000200007000000019300060500957632184234817965816594723743156892629783451185429376591248637468375219372961548
000340009537006000000020630700100580090060004001000000005014003000200070400690020126347859537986241948521637764139582392865714851472396285714963619253478473698125
000006004000800563900003000004010000600000817019387600040000000705000028003500009381256794427891563956473281874612935632945817519387642248739156795164328163528479
800904502000000000000600709000040200261005083300020000005060310084030006070050000837914562496572138512683749758346291261795483349821675925468317184237956673159824
000050083301000000000704105010400098006080201780000000000060004060001070108370000674152983351698427829734165513426798496587231782913546937265814265841379148379652
007000000090070230025104009010090000003001000700023400302009060070000050040050307137982546498675231625134789514897623283461975769523418352719864976348152841256397
000006908000805000301400000204000760038000001106070080600500000009080042000690010425716938967835124381429576294158763738964251156273489613542897579381642842697315
150080260000069310000040000086000020005200000400007690000024000070000052860005003159783264248569317637142589986431725715296438423857691591324876374618952862975143
200060750007010009030000000000800060040000007068003094019050800800700040670009001281964753457318629936527418793842165142695387568173294319456872825731946674289531
005010000804060000600740083050070200170000069090100008000001000001000602200506100735918426824365971619742583358679214172854369496123758967231845581497632243586197
200000140700000000000364200600900001000701034070006098005420080400850000900000070236578149754192863891364257648935721529781634173246598315427986467859312982613475
500080039040302060000000207300058090070000800090406010600504000003009154000000000526781439847392561931645287364158792175923846298476315612534978783269154459817623
390020006064000092050080000000040001025308400073005000000000600030702004008050700397421856864573192251986347689247531125368479473195268742839615536712984918654723
017000400000800900000050000050700060700106002009520004008010350390080106070400000917362485563874921842951673251743869784196532639528714428619357395287146176435298
000360207096040000500801600041906300005003000609000050000430000003000000400072009184365297396247185527891643841956372275183964639724851952438716763519428418672539
010000000000080291008000753020430005806020000030076080000005000170000000290607040312759864567384291948162753729438615856921437431576982683245179174893526295617348
000071000040080325600000070002000050300800700700034000200105009530040200908000004853271496147689325629453178482716953365892741791534682274165839536948217918327564
100000094030000000564073002080009071047006000010000608026005000703000010000020005178562394932841567564973182685239471247186953319754628826315749753498216491627835
080000070000380195073000000200034600536900002000005000050460807400500000060000500985146273624387195173259486291734658536918742847625931359461827418572369762893514
000010030060000400058473000000504670546700083000009000800900000000608010073002000794216538361895427258473196932584671546721983187369254815947362429638715673152849
080000140903000000012000076000091060200670000075000801000039408308000720000004000587926143963417582412853976834591267291678354675342891756239418348165729129784635
030090057040050910800000000000305040084010000005070006007104003008002700003507000132896457746253918859741632671325849284619375395478126927164583518932764463587291
057300001093060200800000009020100754000070080030600100000015000080096000910020000257389461493561278861247539629138754145972683738654192374815926582496317916723845
900004000020570840100300650070000000094000002308000004000036010001400070700180003985614327623579841147328659276943185594861732318257964459736218831492576762185493
010035000000007040604002030020064050000350096003008000052000380097080002000000100819435627235617948674892531921764853748351296563928714452176389197583462386249175
002570000604008930000003076009040500000000000000020180240080007380000020100732000932576841674218935851493276729841563418365792563927184245689317387154629196732458
060000390700401000203506007004900010080040000100000542040000000600280905800300000465728391798431256213596487324957618586142739179863542947615823631284975852379164
019006350042000000000010000000003000800452630000601080003000700150090000280064005719846352642537819538219476476983521891452637325671984963125748154798263287364195
600010075401080009097000401700003090865000000900000100100509002000006007030000060682914375451387629397265481714653298865192743923478156176549832249836517538721964
071093005000740600503800900000506000000010048900007003820000350060000200000000079671293485298745631543861927487536192356912748912487563824179356769358214135624879
107900003064000020002000800003060058000050000000208000600005987039080040070009002187942563564831729392576814913764258728153496456298371641325987239687145875419632
000051230043000000000080006060048050000007080005390007800900012900000800271000040698751234543629178712483596367248951429517683185396427856934712934172865271865349
090006004503004800004900063940050000000000450005479001000005070620000100000800200892536714563714892174928563946152387217683459385479621431265978628397145759841236
030000256005072010280000000500020730607308900090000004070000080020090000900063000739481256465972318281536497548629731617348925392715864173254689826197543954863172
300007010000063200000050807002000500090001026008095001030000450405720000060004000324987615857163294916452837142376589593841726678295341739618452485729163261534978
600000009025000000000427600019000548000500107000709060050080003002070450003100000647835219325691784198427635719362548236548197584719362451286973862973451973154826
000601000047080092000000503000500400010030760700028300080000100500800204020007005352691847147385692896742513938576421215934768764128359489253176571869234623417985
060000000052090180000007039000728000400600098080000205804070020500000900006040003369481752752396184148257639935728461427615398681934275894173526513862947276549813
600009138000100500093050000900000200030087060008206001000030006305000040006800900657429138842163579193758624964315287231987465578246391729534816385691742416872953
